BELLE ÉPOQUE DE VILLE CLÁSSICO;2011221;2011C69;SABONETEIRA PAREDE COM  LOUÇA
BELLE ÉPOQUE DE VILLE CLÁSSICO;2021221;2021C69;PAPELEIRA COM PROTETOR
BELLE ÉPOQUE DE VILLE CLÁSSICO;2030221;2030C69;PRATELEIRA
BELLE ÉPOQUE DE VILLE CLÁSSICO;2040221;2040C69;PORTA TOALHA BARRA      
BELLE ÉPOQUE DE VILLE CLÁSSICO;2050221;2050C69;PORTA TOALHA ARGOLA
BELLE ÉPOQUE DE VILLE CLÁSSICO;2060221;2060C69;CABIDE
BELLE ÉPOQUE DE VILLE CLÁSSICO;1984210;1984C69ACT;DUCHA MANUAL ACTIVA-REGISTRO COM DERIVAÇÃO
BELLE ÉPOQUE DE VILLE CLÁSSICO;1875340;1875C69;MISTURADOR PARA LAVATÓRIO
BELLE ÉPOQUE DE VILLE CLÁSSICO;1198086;1198C69;TORNEIRA PARA LAVATÓRIO BICA ALTA
BELLE ÉPOQUE DE VILLE CLÁSSICO;1197025;1197C69;TORNEIRA PARA LAVATÓRIO BICA BAIXA
